1 Taipei 2 New Taipei 3 keelung 4 taoyuan 5 hsinchu 6 maoli 7 taichung 8 changhua 9 nantou 10 yunlin 11 chiayi 12 tainan 13 kaohsiung 14 pingtung 15 yilan 16 hualien 17 taidung

1 2 10.37
1 3 20.92
1 4 27
1 5 65.32
1 6 91.67
1 7 134.54
1 8 148.64
1 9 154.14
1 10 182.26
1 11 206.51
1 12 267.16
1 13 297.47
1 14 283.82
1 15 39.67
1 16 117.53
1 17 257.27
2 3 31.09
2 4 16.72
2 5 55.05
2 6 81.93
2 7 125.68
2 8 139.74
2 9 146.2
2 10 174.27
2 11 198.76
2 12 259.55
2 13 290.71
2 14 277.43
2 15 43.37
2 16 114.57
2 17 252.96
3 4 47.27
3 5 86.13
3 6 112.53
3 7 154.76
3 8 168.87
3 9 173.34
3 10 201.44
3 11 225.37
3 12 285.79
3 13 314.94
3 14 300.75
3 15 44.62
3 16 127.46
3 17 271.02
4 5 39.34
4 6 67.92
4 7 113.64
4 8 127.49
4 9 136.05
4 10 163.84
4 11 188.75
4 12 249.67
4 13 282.35
4 14 269.83
4 15 55.03
4 16 115.95
4 17 249.72
5 6 30.78
5 7 78.8
5 8 91.95
5 9 104.41
5 10 131.06
5 11 156.38
5 12 216.95
5 13 252.15
5 14 241.17
5 15 80.63
5 16 112.11
5 17 228.83
6 7 48.16
6 8 61.19
6 9 74.81
6 10 100.78
6 11 126.15
6 12 186.45
6 13 222.34
6 14 211.98
6 15 97.01
6 16 102.99
6 17 203.98
7 8 14.13
7 9 29.13
7 10 52.86
7 11 78.16
7 12 138.3
7 13 174.77
7 14 165.21
7 15 129.51
7 16 100.39
7 17 164.57
8 9 24.31
8 10 41.89
8 11 66.75
8 12 125.9
8 13 163.57
8 14 154.96
8 15 143.33
8 16 109.49
8 17 159.28
9 10 28.12
9 11 52.72
9 12 113.61
9 13 147.71
9 14 137.19
9 15 142.44
9 16 94.75
9 17 135.92
10 11 25.34
10 12 85.97
10 13 121.95
10 14 113.07
10 15 169.96
10 16 115.83
10 17 122.77
11 12 60.9
11 13 96.82
11 14 88.84
11 15 192.27
11 16 131.54
11 17 107.65
12 13 43.36
12 14 46.31
12 15 251.21
12 16 183.68
12 17 103.32
13 14 19.33
13 15 277.36
13 16 202.64
13 17 87.3
14 15 262.11
14 16 185.77
14 17 68.43
15 16 83.5
15 17 228.3
16 17 145.51
