MST With Prim's Algorithm
MST Total Weight : 2524.12
0 1 3.52132
0 4 2.45783
0 5 2.24919
0 32 2.72383
1 2 2.62731
1 38 2.617
2 3 2.23734
3 9 4.3907
4 6 2.87903
6 10 3.88813
6 11 4.68409
7 8 4.17396
7 9 6.25629
8 45 7.0939
10 22 6.14691
10 23 4.39212
11 29 7.7385
12 13 3.02822
12 15 3.61297
12 17 4.28606
13 14 2.07312
13 25 5.95252
15 16 2.50756
16 18 4.29679
17 26 6.2535
18 22 4.98403
19 20 6.03578
20 47 6.45933
21 33 4.29347
21 34 5.44204
21 39 3.41999
23 24 6.25777
24 30 8.75348
26 27 8.23902
27 28 9.14399
27 49 10.7895
30 50 11.1295
31 52 13.1537
32 33 3.01544
34 35 9.61564
34 36 4.82801
36 37 6.06192
37 84 5.63613
38 42 3.35071
39 40 3.00953
41 44 7.47482
42 43 3.90979
43 44 5.06493
45 46 7.03358
46 47 6.57476
48 50 7.17824
48 51 4.5352
48 52 9.71888
51 56 7.02038
52 54 8.27367
53 56 3.77522
53 57 4.20676
54 55 20.7438
55 59 19.191
57 58 12.3122
60 62 6.29884
60 63 4.93202
61 63 5.33429
61 69 5.96948
63 65 7.69815
64 65 6.15794
64 66 6.52436
67 68 8.564
67 78 7.7223
68 70 4.88871
69 75 6.66237
70 72 7.67851
70 74 6.62819
71 73 14.5952
71 92 12.3702
74 75 5.42258
75 91 7.55097
76 77 6.54136
77 78 7.85448
77 79 8.57093
77 84 8.42403
78 85 8.7553
79 80 8.68074
80 81 7.69546
82 83 6.35424
82 84 5.70766
82 88 6.92018
85 86 17.3645
87 88 7.2038
89 90 4.85396
90 91 5.62942
90 98 7.6016
91 92 10.1837
92 102 17.1321
93 99 7.10655
93 100 7.35432
94 97 6.51873
95 96 8.66416
95 105 7.87303
96 133 6.44554
97 99 7.31101
97 105 5.62123
98 99 5.8688
100 103 7.34765
101 106 7.657
102 123 17.5203
103 104 8.86233
106 122 8.56925
107 108 1.74368
107 110 1.62802
107 111 1.88766
108 115 8.1517
109 110 2.53474
109 116 4.01043
109 118 5.4789
110 114 4.78297
111 112 6.28413
112 125 4.00989
113 114 4.70757
113 126 5.09988
116 117 6.47437
117 164 6.81027
119 121 5.61485
119 125 5.03509
120 127 6.44009
120 134 5.79359
121 122 5.33324
122 124 8.04637
126 127 5.39895
126 129 5.87365
128 143 5.56834
129 131 5.597
129 132 6.4418
130 131 5.00087
130 144 5.9204
133 134 5.60995
133 135 4.73014
136 138 5.13304
137 145 6.66293
138 139 5.66408
138 150 4.22894
140 141 5.9103
140 142 5.59634
141 151 5.13842
142 144 4.98939
143 144 6.09508
145 146 5.76758
145 150 5.28463
146 152 5.49068
147 148 3.57178
147 154 3.03777
148 149 5.20051
148 150 5.03175
149 151 5.09628
152 161 6.61155
153 154 3.83399
153 156 4.61812
154 155 5.93107
155 157 6.52702
156 207 6.43695
157 158 7.36842
157 209 6.69376
158 160 6.60999
159 202 8.36109
161 168 6.81432
161 205 6.10504
162 168 7.86675
163 164 10.1727
163 169 7.66728
165 166 11.2798
166 167 19.3113
166 171 12.0543
169 170 9.05391
170 171 10.9888
170 172 22.5344
170 174 10.4844
173 174 8.51633
175 176 4.67994
175 183 5.66603
176 190 7.28804
177 179 8.54587
177 180 15.6019
177 181 7.71284
178 179 7.17662
178 206 8.27568
181 182 13.9672
181 241 9.95652
182 287 15.6452
184 186 6.68188
184 240 6.82012
185 189 8.12625
186 187 8.54951
186 188 7.35813
188 211 6.8126
189 192 7.56137
190 191 7.29584
190 192 7.18876
192 196 6.31292
193 194 5.73055
193 246 5.87188
195 196 6.45408
195 197 7.46444
197 198 7.16893
198 199 6.0884
198 214 6.58862
199 200 6.05066
199 202 7.30693
200 201 5.64259
200 213 7.88289
201 203 8.9191
202 209 6.5542
204 207 7.71248
208 209 6.44474
210 211 6.89189
210 214 6.5772
211 212 9.62295
215 217 4.49634
215 218 2.13271
215 219 2.93044
216 218 3.83692
216 228 4.71893
218 221 5.21969
219 220 6.64673
221 250 7.34594
222 228 5.28237
222 229 4.34201
223 224 7.89606
223 250 7.05826
225 227 8.51417
225 248 7.18595
226 227 7.61887
227 285 8.10683
228 274 5.59407
229 230 5.39839
230 283 8.7142
231 243 5.20131
231 247 7.55903
231 248 7.31177
232 233 6.64552
232 244 5.91751
233 234 5.18103
233 235 9.35158
233 236 6.95073
234 251 4.11175
236 237 7.56469
237 238 6.57472
239 240 8.64889
239 245 7.08844
239 246 4.83253
241 242 8.24691
242 243 8.67584
243 245 5.29541
247 250 6.39209
248 249 6.04879
250 251 6.68666
252 253 1.30666
252 254 1.61836
252 259 2.50247
253 255 1.09057
254 258 3.49863
254 275 3.71174
255 256 3.06835
256 262 4.33316
257 258 2.73763
258 261 6.49121
260 262 4.17446
260 270 3.49814
261 277 6.31947
263 264 4.4274
263 278 4.48965
264 269 5.32788
264 279 6.46052
265 270 5.85499
266 267 5.83468
266 273 5.50666
266 274 5.7393
267 268 7.71303
270 271 4.26226
271 272 4.03497
272 273 4.90618
274 289 3.10376
275 276 6.18235
275 278 5.70659
277 313 5.34975
279 294 6.48948
280 281 9.83474
280 295 8.03582
282 284 10.0146
282 288 14.0501
283 284 10.2798
286 287 12.5914
290 299 5.43303
291 292 12.4682
291 296 8.80014
293 304 7.55661
294 295 7.76888
296 297 8.20411
297 298 5.51659
298 299 5.75459
298 301 5.89069
299 300 6.71094
300 302 5.14093
300 303 6.57946
303 306 6.89374
303 307 6.23485
303 308 6.22515
304 306 9.55906
304 333 17.1665
305 308 10.5277
307 309 4.33538
307 313 5.19915
309 310 4.31102
310 311 4.51379
310 312 3.83629
312 314 5.92654
314 316 10.2915
315 316 15.4039
315 317 8.2021
316 335 14.3659
317 319 14.4354
318 319 11.4311
318 320 10.6479
318 321 10.8686
322 324 11.2674
323 324 15.5309
323 325 18.5035
324 332 19.4943
325 326 9.86282
326 327 18.4053
326 328 7.44351
326 329 10.0317
328 348 14.1781
330 348 9.66543
331 346 7.85998
331 348 20.195
332 333 12.6569
334 335 6.55168
336 337 6.58003
336 339 6.32792
337 338 15.4952
339 340 12.7266
340 341 13.0442
341 342 11.3282
342 343 9.11346
342 345 14.8938
343 344 11.7733
344 346 16.7491
346 347 18.5183


Best Sequence
0 -> 1 -> 2 -> 3 -> 9 -> 7 -> 8 -> 45 -> 46 -> 47 -> 20 -> 19 -> 38 -> 42 -> 43 -> 44 -> 41 -> 4 -> 6 -> 10 -> 22 -> 18 -> 16 -> 15 -> 12 -> 13 -> 14 -> 25 -> 17 -> 26 -> 27 -> 28 -> 49 -> 23 -> 24 -> 30 -> 50 -> 48 -> 51 -> 56 -> 53 -> 57 -> 58 -> 52 -> 31 -> 54 -> 55 -> 59 -> 11 -> 29 -> 5 -> 32 -> 33 -> 21 -> 34 -> 35 -> 36 -> 37 -> 84 -> 77 -> 76 -> 78 -> 67 -> 68 -> 70 -> 72 -> 74 -> 75 -> 69 -> 61 -> 63 -> 60 -> 62 -> 65 -> 64 -> 66 -> 91 -> 90 -> 89 -> 98 -> 99 -> 93 -> 100 -> 103 -> 104 -> 97 -> 94 -> 105 -> 95 -> 96 -> 133 -> 134 -> 120 -> 127 -> 126 -> 113 -> 114 -> 110 -> 107 -> 108 -> 115 -> 111 -> 112 -> 125 -> 119 -> 121 -> 122 -> 106 -> 101 -> 124 -> 109 -> 116 -> 117 -> 164 -> 163 -> 169 -> 170 -> 171 -> 166 -> 165 -> 167 -> 172 -> 174 -> 173 -> 118 -> 129 -> 131 -> 130 -> 144 -> 142 -> 140 -> 141 -> 151 -> 149 -> 148 -> 147 -> 154 -> 153 -> 156 -> 207 -> 204 -> 155 -> 157 -> 158 -> 160 -> 209 -> 202 -> 159 -> 199 -> 198 -> 197 -> 195 -> 196 -> 192 -> 189 -> 185 -> 190 -> 176 -> 175 -> 183 -> 191 -> 214 -> 210 -> 211 -> 188 -> 186 -> 184 -> 240 -> 239 -> 245 -> 243 -> 231 -> 247 -> 250 -> 221 -> 218 -> 215 -> 217 -> 219 -> 220 -> 216 -> 228 -> 222 -> 229 -> 230 -> 283 -> 284 -> 282 -> 288 -> 274 -> 266 -> 267 -> 268 -> 273 -> 272 -> 271 -> 270 -> 260 -> 262 -> 256 -> 255 -> 253 -> 252 -> 254 -> 258 -> 257 -> 261 -> 277 -> 313 -> 307 -> 303 -> 300 -> 299 -> 290 -> 298 -> 297 -> 296 -> 291 -> 292 -> 301 -> 302 -> 306 -> 304 -> 293 -> 333 -> 332 -> 324 -> 322 -> 323 -> 325 -> 326 -> 327 -> 328 -> 348 -> 330 -> 331 -> 346 -> 344 -> 343 -> 342 -> 341 -> 340 -> 339 -> 336 -> 337 -> 338 -> 345 -> 347 -> 329 -> 308 -> 305 -> 309 -> 310 -> 311 -> 312 -> 314 -> 316 -> 315 -> 317 -> 319 -> 318 -> 320 -> 321 -> 335 -> 334 -> 275 -> 276 -> 278 -> 263 -> 264 -> 269 -> 279 -> 294 -> 295 -> 280 -> 281 -> 259 -> 265 -> 289 -> 223 -> 224 -> 251 -> 234 -> 233 -> 232 -> 244 -> 235 -> 236 -> 237 -> 238 -> 248 -> 225 -> 227 -> 226 -> 285 -> 249 -> 242 -> 241 -> 181 -> 177 -> 179 -> 178 -> 206 -> 180 -> 182 -> 287 -> 286 -> 246 -> 193 -> 194 -> 187 -> 212 -> 200 -> 201 -> 203 -> 213 -> 208 -> 150 -> 138 -> 136 -> 139 -> 145 -> 137 -> 146 -> 152 -> 161 -> 168 -> 162 -> 205 -> 143 -> 128 -> 132 -> 135 -> 92 -> 71 -> 73 -> 102 -> 123 -> 85 -> 86 -> 79 -> 80 -> 81 -> 82 -> 83 -> 88 -> 87 -> 39 -> 40 -> 0
Total Distance : 3907.32
